 /TEST   /
 100000
 17. 3. /3ORD/ ;
 16. 20. ;
 16. 190. 1. 50. ;
 1. .1 500.0 .1 200.0 .0 .0 .1 /BEAM/ ;
 -1. .001 500.0 .0 0.0 .0 .0 .1 /BEAM/ ;
 -1. .001 0.0 .0 200.0 .0 .0 .1 /BEAM/ ;
 13. 10. /APP/ ;
 3. .45 ;
 16. 100. 15. 15. /CIRC/ ;
 16. 101. 12. /HYP/ ;
 16. 25.  .1250 /I1/ ;
 16. 26. -.0163 /I2/ ;
 16. 27.  .0389 /I3/ ;
 16. 28. -.2720 /I4/ ;
 26. .2 .267 12.5 /OCT/ ;
 3. -.2 ;
 2. 1000. ;
 5. .4 3.52981 12.5 /Q1/ ;
 2. 1000. ;
 3. -.2 ;
 26. .25 .267 12.5 /OCT/ ;
 26. .25 .267 12.5 /OCT/ ;
 3. -.2 ;
 2. 1000. ;
 5. .4 -2.19504 12.5 /Q2/ ;
 2. 1000. ;
 3. -.2 ;
 26. .2 .267 12.5 /OCT/ ;
 3. 2.6 ;
 51. 1. -10. 10. 1. ;
 52. 3. -10. 10. 1. ;
 3. .1 ;
 51. 1. -10. 10. 1. ;
 52. 3. -10. 10. 1. ;
 3. .1 ;
 51. 1. -10. 10. 1. ;
 52. 3. -10. 10. 1. ;
 3. .1 ;
 51. 1. -10. 10. 1. ;
 52. 3. -10. 10. 1. ;
 3. .1 ;
 -50. 1. -10. 10. 1. ;
 -50. 3. -10. 10. 1. ;
 51. 1. -10. 10. 1. ;
 52. 3. -10. 10. 1. ;
 3. .1 ;
 51. 1. -10. 10. 1. ;
 52. 3. -10. 10. 1. ;
 3. .1 ;
 51. 1. -10. 10. 1. ;
 52. 3. -10. 10. 1. ;
 3. .1 ;
 51. 1. -10. 10. 1. ;
 52. 3. -10. 10. 1. ;
 3. .1 ;
 51. 1. -10. 10. 1. ;
 52. 3. -10. 10. 1. ;
 SENTINEL
 SENTINEL
