 /P-Strahl von Target E zur SNQ - Stand 18.3.1987, 12 mm C-Optik/
 0
 13. 48.0 /ANG/ ;
 15. 1.0 /MM/ 0.1 ;
 16. 14.0 0.0 /SLIT/ ;
 16. 3.0 1836.69 /MASS/ ;
 -17. /SEC/ ;
 -1. 2.5 3.5 2.5 4.2 0.0 0.0 1.2048 /BOT/ ;
 1. 2.5 8.5 2.5 8.5 0.0 0.0 1.198 /BEAM/ ;
 -1. 2.5 8.5 2.5 8.5 0.0 0.0 1.198 /NARR/ ;
 -1. 2.5 8.5 2.5 8.5 0.0 1.0 1.198 /WIDE/ ;
 -1. 2.5 8.5 2.5 8.5 0.0 0.0 1.198 /BEA2/ ;
 3. 0.03 ;
 3. 0.19 ;
 6. 1.0 13.44 3.0 13.44 ;
 3. 0.25 ;
 6. 1.0 28.71 3.0 28.71 /KHE0/ ;
 3. 1.51 /MHB5/ ;
 3. 0.02 ;
 6. 1.0 40.0 3.0 40.0 /KHE1/ ;
 3. 0.3 ;
 6. 1.0 46.0 3.0 46.0 ;
 3. 2.38 /MHB6/ ;
 3. 0.02 ;
 6. 1.0 80.0 3.0 40.0 /KHE2/ ;
 3. 0.3 ;
 6. 1.0 85.0998 3.0 42.6 ;
 3. 0.15 ;
 6. 1.0 87.0 3.0 44.5 ;
 3. 0.3 ;
 6. 1.0 92.0998 3.0 47.1 /KHE3/ ;
 3. 0.265 ;
 16. 25.0 0.2 /I1/ ;
 16. 26.0 -0.08 /I2/ ;
 16. 27.0 0.06 /I3/ ;
 2. 1000.00 ;
 5. 0.64 5.46901 125.000 /QG21/ ;
 2. 1000.00 ;
 3. 0.255 /SG21/ ;
 -7. 0.0 0.0 0.0 5.0 0.0 0.0 ;
 3. 0.255 ;
 2. 1000.00 ;
 5. 0.64 -5.36555 125.000 /QG22/ ;
 2. 1000.00 ;
 3. 0.4 /MHC5/ ;
 3. 0.75 /MP41/ ;
 3. 0.507 ;
 16. 5.0 100.0 ;
 16. 7.0 0.45 ;
 16. 8.0 2.8 ;
 2. 0.0 ;
 4. 0.985 16.8 0.0 /AHL/ ;
 -10. 2.0 1.0 0.0 0.1 /FIT1/ ;
 -10. 1.0 1.0 1.5 0.1 /FIT1/ ;
 3. -0.15 ;
 3. 0.0 /MHB7/ ;
 6. 1.0 10.0 /KHNY/ ;
 3. 0.3 ;
 6. 1.0 10.0 ;
 3. -0.15 ;
 4. 0.657 11.2 0.0 ;
 2. 0.0 ;
 3. 0.8 /MP43/ ;
 3. 0.9 /MHB8/ ;
 6. 3.0 10.0 /KHNX/ ;
 3. 0.15 ;
 -10. 4.0 3.0 0.0 0.1 /FIT2/ ;
 -10. 3.0 3.0 3.0 0.1 /FIT2/ ;
 3. 0.15 ;
 6. 3.0 10.0 ;
 3. 0.9 /MP45/ ;
 3. 0.417 ;
 2. 1000.00 ;
 5. 0.64 5.6232 125.000 /QG23/ ;
 2. 1000.00 ;
 3. 0.255 /SG22/ ;
 -7. 0.0 0.0 0.0 5.0 0.0 0.0 ;
 3. 0.255 ;
 2. 1000.00 ;
 5. 0.64 -4.95504 125.000 /QG24/ ;
 2. 1000.00 ;
 3. 0.7 ;
 3. 5.0 ;
 3. 2.0 ;
 -10. 2.0 1.0 0.0 1.0 /FIT3/ ;
 -10. 1.0 1.0 0.0 0.1 /FIT3/ ;
 3. 3.3 ;
 -10. 3.0 3.0 25.0 1.0 /FIT4/ ;
 -10. 4.0 4.0 0.0 0.1 /FIT4/ ;
 3. 0.756 ;
 2. 1000.00 ;
 5. 0.744 -2.75645 125.000 /QI25/ ;
 2. 1000.00 ;
 3. 0.146 ;
 2. 1000.00 ;
 5. 0.744 4.20644 125.000 /QI26/ ;
 2. 1000.00 ;
 3. 0.5 /MP47/ ;
 3. 0.5 ;
 -10. 3.0 3.0 0.0 1.0 /FIT6/ ;
 3. 1.5 /SI23/ ;
 -7. 0.0 0.0 0.0 5.0 0.0 0.0 ;
 3. 0.6 /MP49/ ;
 3. 0.851 ;
 16. 5.0 84.0 ;
 16. 7.0 0.25 ;
 16. 8.0 0.0 ;
 20. 180.0 ;
 2. 14.0 ;
 4. 0.531 11.2 0.0 /AHM/ ;
 -10. 1.0 1.0 0.0 1.0 /FIT5/ ;
 4. 0.796 16.8 0.0 ;
 2. 14.0 ;
 3. 0.526 /MP51/ ;
 -10. -1.0 6.0 0.0 0.1 /FIT5/ ;
 -10. -2.0 6.0 0.0 0.1 /FIT5/ ;
 -10. 3.0 3.0 30.0 1.0 /FIT6/ ;
 3. 0.3 ;
 -10. 3.0 3.0 80.0 1.0 /FITY/ ;
 2. 1000.00 ;
 5. 0.744 -4.32744 125.000 /QI27/ ;
 2. 1000.00 ;
 3. 0.146 ;
 2. 1000.00 ;
 5. 0.744 5.61481 125.000 /QI28/ ;
 2. 1000.00 ;
 3. 0.7 /SI24/ ;
 -7. 0.0 0.0 0.0 5.0 0.0 0.0 ;
 3. 0.4 /MP53/ ;
 3. 0.558 ;
 2. 14.0 ;
 4. 1.327 26.0 0.0 /AHN/ ;
 2. 14.0 ;
 3. 0.486 /SI25/ ;
 -7. 0.0 0.0 0.0 5.0 0.0 0.0 ;
 3. 0.3 /MP55/ ;
 -10. 3.0 3.0 0.0 1.0 /FIT8/ ;
 3. 0.3 ;
 2. 1000.00 ;
 5. 0.372 -6.45533 125.000 /QI29/ ;
 5. 0.372 -6.45533 125.000 /QI29/ ;
 2. 1000.00 ;
 3. 0.233 ;
 2. 1000.00 ;
 5. 0.39 7.2977 125.000 /QJ30/ ;
 -10. 1.0 1.0 0.0 1.0 /FIT7/ ;
 5. 0.39 7.2977 125.000 /QJ30/ ;
 2. 1000.00 ;
 3. 0.603 ;
 16. 5.0 100.0 ;
 16. 7.0 0.45 ;
 16. 8.0 2.8 ;
 2. 0.0 ;
 4. 3.105 64.0000 0.0 /AHO/ ;
 2. 0.0 ;
 -10. -1.0 6.0 0.0 0.01 /FIT9/ ;
 -10. -2.0 6.0 0.0 0.01 /FT10/ ;
 -10. 3.0 3.0 70.0 1.0 /FIT7/ ;
 3. 0.5 /MP57/ ;
 3. 0.32 ;
 -10. 1.0 1.0 25.0 1.0 /FIT7/ ;
 2. 1000.00 ;
 5. 0.78 -6.31284 125.000 /QJ31/ ;
 2. 1000.00 ;
 3. 0.32 ;
 -10. 1.0 1.0 40.0 1.0 /FITX/ ;
 2. 1000.00 ;
 5. 0.78 8.30788 125.000 /QJ32/ ;
 2. 1000.00 ;
 3. 0.61 ;
 6. 1.0 35.0 3.0 17.35 /K1/ ;
 3. 0.15 ;
 -10. 3.0 3.0 0.0 0.1 /FT12/ ;
 6. 1.0 29.2 3.0 17.35 /K2/ ;
 3. 0.15 ;
 6. 1.0 23.5 3.0 17.35 /K3/ ;
 3. 0.35 ;
 6. 1.0 10.0 3.0 17.35 /K4/ ;
 3. 0.15 ;
 -10. 1.0 1.0 0.0 0.1 /FT11/ ;
 6. 1.0 10.0 3.0 20.5 /K5/ ;
 3. 0.15 ;
 6. 1.0 10.0 3.0 23.65 /K6/ ;
 3. 0.3 ;
 6. 1.0 17.8 3.0 29.95 /K7/ ;
 3. 0.3 ;
 6. 1.0 25.6 3.0 36.25 /K8/ ;
 3. 0.3 ;
 6. 1.0 33.4 3.0 42.55 /K9/ ;
 3. 0.3 ;
 6. 1.0 41.2 3.0 48.85 /K10/ ;
 3. 0.3 ;
 6. 1.0 49.0 3.0 55.15 /K11/ ;
 3. 0.3 ;
 6. 1.0 56.8 3.0 61.45 /K12/ ;
 3. 0.28 ;
 6. 1.0 64.6 3.0 67.33 /K13/ ;
 3. 0.6 /TSNQ/ ;
 -10. 1.0 1.0 90.0 1.1 /FT13/ ;
 -10. 3.0 3.0 72.0 1.1 /FT14/ ;
 SENTINEL
 //
 -9
 5.01 /QG21/ ;
 5.01 /QG22/ ;
 10. /FIT1/ ;
 10. /FIT2/ ;
 SENTINEL
 //
 -9
 5. /QG21/ ;
 5. /QG22/ ;
 -10. /FIT1/ ;
 -10. /FIT2/ ;
 5.01 /QG23/ ;
 5.02 /QG24/ ;
 10. /FIT3/ ;
 10. /FIT4/ ;
 SENTINEL
 //
 -9
 5. /QG23/ ;
 5. /QG24/ ;
 -10. /FIT3/ ;
 -10. /FIT4/ ;
 5.01 /QI25/ ;
 5.01 /QI26/ ;
 10. /FIT5/ ;
 10. /FIT6/ ;
 SENTINEL
 //
 -9
  5.01 /QG23/ ;
  5.01 /QG24/ ;
 SENTINEL
 //
 -9
 5.0 /QG23/ ;
 5.0 /QG24/ ;
 5.0 /QI25/ ;
 5.0 /QI26/ ;
 -10. /FIT4/ ;
 -10. /FIT5/ ;
 -10. /FIT6/ ;
 5.01 /QI27/ ;
 5.01 /QI28/ ;
 10. /FIT7/ ;
 10. /FIT8/ ;
 SENTINEL
 //
 -9
 5.0A /QI29/ ;
 5.0B /QJ30/ ;
 10. /FIT9/ ;
 10. /FT10/ ;
 SENTINEL
 //
 -9
 5. /QI27/ ;
 5. /QI28/ ;
 5. /QI29/ ;
 5. /QJ30/ ;
 -10. /FIT7/ ;
 -10. /FIT8/ ;
 -10. /FIT9/ ;
 -10. /FT10/ ;
 5.01 /QJ31/ ;
 5.01 /QJ32/ ;
 -1. /BEAM/ ;
 1. /BEA2/ ;
 10. /FT11/ ;
 10. /FT12/ ;
 -10. /FT13/ ;
 -10. /FT14/ ;
 SENTINEL
 /*PLOT*/
 -1
 17. /SEC/ ;
 -1. /BEA2/ ;
 1. /WIDE/ ;
 SENTINEL
 SENTINEL
