 /.P-Strahl von Target E zur SNQ - Stand 13.9.1993/
 0
 13. 48.0 /ANG/ ;
 15. 1.0 /MM/ .1 ;
 16. 14.0 .0 /SLIT/ ;
 16. 3.0 1836.70 /MASS/ ;
 -17. /SEC/ ;
 -1. 2.5 3.5 2.5 4.2 .0 .0 1.2048 /BOT/ ;
 1. 2.5 17.0 2.5 8.5 .0 .0 1.17066 /BEAM/ ;
 -1. 2.5 10.2 2.5 10.2 .0 .0 1.194 /NARR/ ;
 -1. 2.5 17.0 2.5 8.5 .0 1.0 1.17066 /WIDE/ ;
 -1. 2.5 17.0 2.5 17.0 .0 .0 1.17066 /BEA2/ ;
 3. .03 ;
 3. .19 ;
 6. 1.0 13.44 3.0 13.44 ;
 3. .25 ;
 6. 1.0 28.71 3.0 28.71 /KHE0/ ;
 3. 1.51 /MHB5/ ;
 3. .02 ;
 6. 1.0 40.0 3.0 40.0 /KHE1/ ;
 3. .3 ;
 6. 1.0 46.0 3.0 46.0 ;
 3. 2.38 /MHB6/ ;
 3. .02 ;
 6. 1.0 80.0 3.0 40.0 /KHE2/ ;
 3. .3 ;
 6. 1.0 85.0998 3.0 42.6 ;
 3. .15 ;
 6. 1.0 87.0 3.0 44.5 ;
 3. .3 ;
 6. 1.0 92.0998 3.0 47.1 /KHE3/ ;
 3. .265 ;
 16. 25.0 .2 /I1/ ;
 16. 26.0 -.08 /I2/ ;
 16. 27.0 .06 /I3/ ;
 2. 1000.00 ;
 5. 0.64 5.3512 125. /QG21/ ;
 2. 1000.00 ;
 3. .255 /SG21/ ;
 -7. .0 .0 .0 5.0 .0 .0 ;
 3. .255 ;
 2. 1000.00 ;
 5. 0.64 -5.2454 125. /QG22/ ;
 2. 1000.00 ;
 3. .4 /MHC5/ ;
 3. .75 /MP41/ ;
 3. .507 ;
 16. 5.0 100.0 ;
 16. 7.0 .45 ;
 16. 8.0 2.8 ;
 2. .0 ;
 4. .985 16.8 .0 /AHL/ ;
 -10. 2.0 1.0 .0 .1 /FIT1/ ;
 -10. 1.0 1.0 1.5 .1 /FIT1/ ;
 3. -.15 ;
 3. .0 /MHB7/ ;
 6. 1.0 10.0 /KHNY/ ;
 3. .3 ;
 6. 1.0 10.0 ;
 3. -.15 ;
 4. .657 11.2 .0 ;
 2. .0 ;
 3. .8 /MP43/ ;
 3. .9 /MHB8/ ;
 6. 3.0 10.0 /KHNX/ ;
 3. .15 ;
 -10. 4.0 3.0 .0 .1 /FIT2/ ;
 -10. 3.0 3.0 3.0 .1 /FIT2/ ;
 3. .15 ;
 6. 3.0 10.0 ;
 3. .9 /MP45/ ;
 3. .417 ;
 2. 1000.00 ;
 5. 0.64 5.4753 125. /QG23/ ;
 2. 1000.00 ;
 3. .255 /SG22/ ;
 -7. .0 .0 .0 5.0 .0 .0 ;
 3. .255 ;
 2. 1000.00 ;
 5. 0.64 -4.8171 125. /QG24/ ;
 2. 1000.00 ;
 3. .7 ;
 3. 5.0 ;
 3. 2.0 ;
 -10. 2.0 1.0 .0 1.0 /FIT3/ ;
 -10. 1.0 1.0 .0 .1 /FIT3/ ;
 3. 3.3 ;
 -10. 3.0 3.0 25.0 1.0 /FIT4/ ;
 -10. 4.0 4.0 .0 .1 /FIT4/ ;
 3. .756 ;
 2. 1000.00 ;
 5. 0.744 -2.8408 125. /QI25/ ;
 2. 1000.00 ;
 3. .146 ;
 2. 1000.00 ;
 5. 0.744 4.2058 125. /QI26/ ;
 2. 1000.00 ;
 3. .5 /MP47/ ;
 3. .5 ;
 -10. 3.0 3.0 .0 1.0 /FIT6/ ;
 3. 1.5 /SI23/ ;
 -7. .0 .0 .0 5.0 .0 .0 ;
 3. .6 /MP49/ ;
 3. .851 ;
 16. 5.0 84.0 ;
 16. 7.0 .25 ;
 16. 8.0 .0 ;
 20. 180.0 ;
 2. 14.0 ;
 4. .531 11.2 .0 /AHM/ ;
 -10. 1.0 1.0 .0 1.0 /FIT5/ ;
 4. .796 16.8 .0 ;
 2. 14.0 ;
 3. .526 /MP51/ ;
 -10. -1.0 6.0 .0 .1 /FIT5/ ;
 -10. -2.0 6.0 .0 .1 /FIT5/ ;
 -10. 3.0 3.0 30.0 1.0 /FIT6/ ;
 3. .3 ;
 -10. 3.0 3.0 80.0 1.0 /FITY/ ;
 2. 1000.00 ;
 5. 0.744 -4.3511 125. /QI27/ ;
 2. 1000.00 ;
 3. .146 ;
 2. 1000.00 ;
 5. 0.744 5.6808 125. /QI28/ ;
 2. 1000.00 ;
 3. .7 /SI24/ ;
 -7. .0 .0 .0 5.0 .0 .0 ;
 3. .4 /MP53/ ;
 3. .558 ;
 2. 13.0 ;
 4. 1.327 26.0 .0 /AHN/ ;
 2. 13.0 ;
 3. .486 /SI25/ ;
 -7. .0 .0 .0 5.0 .0 .0 ;
 3. .3 /MP55/ ;
 -10. 3.0 3.0 .0 1.0 /FIT8/ ;
 3. .3 ;
 2. 1000.00 ;
 5. 0.372 -6.3375 125. /QI29/ ;
 5. 0.372 -6.3375 125. /QI29/ ;
 2. 1000.00 ;
 3. .143 ;
 2. 1000.00 ;
 5. 0.48 5.3005 110. /QJ30/ ;
 -10. 1.0 1.0 .0 1.0 /FIT7/ ;
 5. 0.48 5.3005 110. /QJ30/ ;
 2. 1000.00 ;
 3. .513 ;
 16. 5.0 100.0 ;
 16. 7.0 .45 ;
 16. 8.0 2.8 ;
 16. 12. -.33 /R1/ ;
 16. 13. -.33 /R2/ ;
 2. 3.0 ;
 4. 3.105 64.0 .0 /AHO/ ;
 2. 3.0 ;
 -10. -1.0 6.0 .0 .01 /FIT9/ ;
 -10. -2.0 6.0 .0 .01 /FT10/ ;
 -10. 3.0 3.0 70.0 1.0 /FIT7/ ;
 3. .5 /MP57/ ;
 3. .23 ;
 -10. 1.0 1.0 30.0 1.0 /FIT7/ ;
 2. 1000.00 ;
 5. 0.96 -4.5497 110. /QJ31/ ;
 2. 1000.00 ;
 3. .14 ;
 -10. 1.0 1.0 40.0 1.0 /FITX/ ;
 2. 1000.00 ;
 5. 0.96 6.1082 110. /QJ32/ ;
 2. 1000.00 ;
 3. .45 /MB31/ ;
 3. .07 ;
 6. 1.0 35.0 3.0 18.0 /KN31/ ;
 3. .15 ;
 -10. 3.0 3.0 .0 .1 /FT12/ ;
 3. .15 ;
 6. 1.0 27.20 3.0 18.0 ;
 3. .35 ;
 3. .15 /MB33/ ;
 -10. 1.0 1.0 .0 .1 /FT11/ ;
 3. .15 ;
 6. 1.0 18.0 3.0 29.6 /KN32/ ;
 3. .3 ;
 6. 1.0 25.0 3.0 35.0 ;
 3. .3 ;
 3. .3 ;
 3. .3 ;
 3. .125 /MB34/ ;
 3. .1 ;
 6. 1.0 49.8 3.0 44.0 /KN33/ ;
 3. .3 ;
 6. 1.0 56.3 3.0 47.8 ;
 3. .325 ;
 3. .65 /TSNQ/ ;
 -10. 1.0 1.0 90.0 1.1 /FT13/ ;
 -10. 3.0 3.0 72.0 1.1 /FT14/ ;
 SENTINEL
 //
 -9
 5.01 /QG21/ ;
 5.01 /QG22/ ;
 10. /FIT1/ ;
 10. /FIT2/ ;
 SENTINEL
 //
 -9
 5. /QG21/ ;
 5. /QG22/ ;
 -10. /FIT1/ ;
 -10. /FIT2/ ;
 5.01 /QG23/ ;
 5.02 /QG24/ ;
 10. /FIT3/ ;
 10. /FIT4/ ;
 SENTINEL
 //
 -9
 5. /QG23/ ;
 5. /QG24/ ;
 -10. /FIT3/ ;
 -10. /FIT4/ ;
 5.01 /QI25/ ;
 5.01 /QI26/ ;
 10. /FIT5/ ;
 10. /FIT6/ ;
 SENTINEL
 //
 -9
  5.01 /QG23/ ;
  5.01 /QG24/ ;
 SENTINEL
 //
 -9
 5.0 /QG23/ ;
 5.0 /QG24/ ;
 5.0 /QI25/ ;
 5.0 /QI26/ ;
 -10. /FIT4/ ;
 -10. /FIT5/ ;
 -10. /FIT6/ ;
 5.01 /QI27/ ;
 5.01 /QI28/ ;
 10. /FIT7/ ;
 10. /FIT8/ ;
 SENTINEL
 //
 -9
 5.0A /QI29/ ;
 5.0B /QJ30/ ;
 10. /FIT9/ ;
 10. /FT10/ ;
 SENTINEL
 //
 -9
 5. /QI27/ ;
 5. /QI28/ ;
 5. /QI29/ ;
 5. /QJ30/ ;
 -10. /FIT7/ ;
 -10. /FIT8/ ;
 -10. /FIT9/ ;
 -10. /FT10/ ;
 5.01 /QJ31/ ;
 5.01 /QJ32/ ;
 -1. /BEAM/ ;
 1. /BEA2/ ;
 10. /FT11/ ;
 10. /FT12/ ;
 -10. /FT13/ ;
 -10. /FT14/ ;
 SENTINEL
 /*PLOT*/
 -1
 17. /SEC/ ;
 -1. /BEA2/ ;
 1. /WIDE/ ;
 SENTINEL
 SENTINEL
